20
70
27
18
98
93
64
96
38
65
35
50
91
6
61
44
41
1
98
80
52
27
85
74
66
8
98
2
39
73
22
5
14
90
10
9
33
71
43
0
38
6
34
76
24
55
93
36
53
28
84
31
49
80
95
23
81
94
41
41
23
62
70
16
42
28
74
48
34
18
21
6
4
30
11
58
29
56
33
80
41
78
82
55
71
82
17
16
1
12
88
59
45
97
6
49
15
48
3
71
46
17
68
66
38
84
6
48
29
7
91
71
73
80
60
17
98
2
95
25
1
47
68
56
96
20
87
19
63
61
98
29
56
47
93
25
83
64
16
28
36
43
64
73
65
97
61
41
17
96
72
94
99
6
92
51
89
41
93
34
60
15
17
75
13
73
12
69
51
83
23
12
12
67
0
78
1
9
28
94
53
11
89
3
22
93
25
61
96
74
16
91
12
59
90
13
21
4
76
0
94
44
61
76
94
48
95
75
90
65
36
77
21
21
42
8
54
29
89
93
4
41
36
84
66
24
57
70
35
78
59
61
63
80
42
54
13
43
32
6
94
37
18
94
38
49
91
65
67
73
74
24
69
47
44
75
78
62
12
23
43
8
15
0
36
41
20
72
26
10
20
97
74
39
24
76
67
10
99
39
77
86
84
38
48
56
57
67
95
90
57
39
42
58
85
9
0
14
89
74
20
82
11
19
86
41
13
36
45
6
75
57
0
95
57
59
77
36
31
20
63
15
28
96
8
72
96
5
83
25
52
98
41
71
1
60
31
67
37
93
88
27
79
71
68
9
63
82
67
23
13
54
25
54
39
39
56
98
10
26
21
82
70
93
53
49
45
12
35
68
1
49
26
62
39
41
1
79
49
7
15
33
41
41
57
66
68
75
95
7
45
10
30
93
34
86
13
56
93
35
76
32
56
41
70
23
35
3
43
1
59
72
60
14
33
33
59
76
26
26
24
45
2
16
26
35
80
35
17
35
55
54
8
28
94
32
2
6
98
74
98
84
26
83
79
22
26
43
3
59
97
89
20
2
97
56
17
92
12
97
88
40
43
71
84
91
96
80
14
35
57
0
30
35
13
93
59
8
56
2
61
35
10
56
22
4
41
10
31
47
26
68
58
13
19
76
49
22
52
62
47
42
24
55
19
30
96
85
61
22
26
14
37
57
52
26
95
61
20
50
97
28
95
71
4
8
34
16
2
80
37
94
85
23
55
22
25
6
76
0
76
74
34
95
59
56
47
44
6
58
16
44
5
87
82
71
38
19
91
43
50
29
84
79
63
34
70
65
8
6
44
66
49
13
26
13
47
53
71
21
76
44
98
73
84
14
0
87
71
95
3
58
27
18
82
74
78
98
88
64
61
75
40
26
63
72
59
56
89
43
9
38
37
49
97
32
6
18
71
81
68
29
65
59
91
2
84
10
89
89
70
55
94
56
84
65
39
61
92
97
81
30
68
71
11
78
91
33
4
41
53
42
4
23
23
32
56
5
10
8
97
37
84
95
88
82
69
43
81
53
87
94
32
63
41
8
13
14
22
4
8
90
46
49
7
74
11
15
37
28
70
36
57
76
10
58
35
12
25
59
8
52
46
89
80
33
42
88
13
91
43
81
11
74
72
84
83
53
86
86
33
51
98
49
10
76
47
74
20
62
3
42
72
93
86
33
30
12
33
83
15
48
42
4
54
60
5
12
77
34
72
84
42
5
41
92
67
90
84
42
65
61
8
16
6
2
23
14
54
61
53
91
21
36
15
2
15
28
40
16
20
72
13
57
75
78
59
73
89
14
37
78
84
52
14
28
70
66
36
77
45
84
23
78
20
17
61
70
51
11
38
14
78
86
24
78
32
14
33
4
79
36
94
59
51
52
40
19
63
72
30
8
49
24
81
89
10
49
57
56
75
48
1
3
39
98
63
9
37
94
33
64
38
24
71
31
52
8
90
57
46
2
54
1
55
97
81
51
15
34
39
36
73
8
75
58
24
62
92
68
89
82
10
65
53
25
39
20
81
92
57
49
82
46
30
18
52
87
23
89
78
98
35
34
95
14
27
49
8
48
64
94
70
73
61
13
65
29
59
56
60
5
0
20
28
81
70
85
90
91
85
95
36
58
92
42
3
83
54
9
44
82
42
23
95
83
96
6
70
31
79
13
39
66
83
33
91
64
8
37
71
69
13
8
24
66
19
85
47
78
79
81
60
29
51
59
68
32
38
77
43
98
91
90
52
72
74
10
44
21
26
83
45
92
38
89
7
46
61
29
